Best score: 49.0
Number of distinct solutions: 2
[[0. 1. 0. 0. 0. 1. 0. 0.]
 [1. 0. 1. 0. 0. 0. 0. 0.]
 [0. 1. 0. 0. 0. 0. 0. 1.]
 [0. 0. 0. 0. 0. 0. 1. 1.]
 [0. 0. 0. 0. 0. 1. 1. 0.]
 [1. 0. 0. 0. 1. 0. 0. 0.]
 [0. 0. 0. 1. 1. 0. 0. 0.]
 [0. 0. 1. 1. 0. 0. 0. 0.]]
[[0. 1. 0. 0. 0. 1. 0. 0.]
 [1. 0. 1. 0. 0. 0. 0. 0.]
 [0. 1. 0. 1. 0. 0. 0. 0.]
 [0. 0. 1. 0. 0. 0. 0. 1.]
 [0. 0. 0. 0. 0. 0. 1. 1.]
 [1. 0. 0. 0. 0. 0. 1. 0.]
 [0. 0. 0. 0. 1. 1. 0. 0.]
 [0. 0. 0. 1. 1. 0. 0. 0.]]
Second best score: 50.0
Energy difference: -1.0
Time: 0.0296 s
