Best score: 54.0
Number of distinct solutions: 5
[[0. 0. 0. 1. 0. 1. 0. 0.]
 [0. 0. 0. 1. 1. 0. 0. 0.]
 [0. 0. 0. 0. 0. 0. 1. 1.]
 [1. 1. 0. 0. 0. 0. 0. 0.]
 [0. 1. 0. 0. 0. 0. 1. 0.]
 [1. 0. 0. 0. 0. 0. 0. 1.]
 [0. 0. 1. 0. 1. 0. 0. 0.]
 [0. 0. 1. 0. 0. 1. 0. 0.]]
[[0. 0. 1. 1. 0. 0. 0. 0.]
 [0. 0. 0. 1. 0. 1. 0. 0.]
 [1. 0. 0. 0. 0. 0. 1. 0.]
 [1. 1. 0. 0. 0. 0. 0. 0.]
 [0. 0. 0. 0. 0. 0. 1. 1.]
 [0. 1. 0. 0. 0. 0. 0. 1.]
 [0. 0. 1. 0. 1. 0. 0. 0.]
 [0. 0. 0. 0. 1. 1. 0. 0.]]
[[0. 0. 1. 0. 0. 1. 0. 0.]
 [0. 0. 0. 1. 1. 0. 0. 0.]
 [1. 0. 0. 1. 0. 0. 0. 0.]
 [0. 1. 1. 0. 0. 0. 0. 0.]
 [0. 1. 0. 0. 0. 0. 1. 0.]
 [1. 0. 0. 0. 0. 0. 0. 1.]
 [0. 0. 0. 0. 1. 0. 0. 1.]
 [0. 0. 0. 0. 0. 1. 1. 0.]]
[[0. 0. 0. 0. 1. 1. 0. 0.]
 [0. 0. 0. 1. 1. 0. 0. 0.]
 [0. 0. 0. 1. 0. 0. 1. 0.]
 [0. 1. 1. 0. 0. 0. 0. 0.]
 [1. 1. 0. 0. 0. 0. 0. 0.]
 [1. 0. 0. 0. 0. 0. 0. 1.]
 [0. 0. 1. 0. 0. 0. 0. 1.]
 [0. 0. 0. 0. 0. 1. 1. 0.]]
[[0. 0. 1. 1. 0. 0. 0. 0.]
 [0. 0. 0. 1. 1. 0. 0. 0.]
 [1. 0. 0. 0. 0. 0. 1. 0.]
 [1. 1. 0. 0. 0. 0. 0. 0.]
 [0. 1. 0. 0. 0. 1. 0. 0.]
 [0. 0. 0. 0. 1. 0. 0. 1.]
 [0. 0. 1. 0. 0. 0. 0. 1.]
 [0. 0. 0. 0. 0. 1. 1. 0.]]
Second best score: 55.0
Energy difference: -1.0
Time: 0.0271 s
