Best score: 64.0
Number of distinct solutions: 5
[[0. 0. 0. 1. 0. 0. 0. 0. 1.]
 [0. 0. 0. 1. 1. 0. 0. 0. 0.]
 [0. 0. 0. 0. 0. 1. 1. 0. 0.]
 [1. 1. 0. 0. 0. 0. 0. 0. 0.]
 [0. 1. 0. 0. 0. 0. 0. 1. 0.]
 [0. 0. 1. 0. 0. 0. 0. 0. 1.]
 [0. 0. 1. 0. 0. 0. 0. 1. 0.]
 [0. 0. 0. 0. 1. 0. 1. 0. 0.]
 [1. 0. 0. 0. 0. 1. 0. 0. 0.]]
[[0. 0. 0. 1. 0. 0. 0. 0. 1.]
 [0. 0. 0. 1. 0. 1. 0. 0. 0.]
 [0. 0. 0. 0. 0. 0. 1. 0. 1.]
 [1. 1. 0. 0. 0. 0. 0. 0. 0.]
 [0. 0. 0. 0. 0. 0. 1. 1. 0.]
 [0. 1. 0. 0. 0. 0. 0. 1. 0.]
 [0. 0. 1. 0. 1. 0. 0. 0. 0.]
 [0. 0. 0. 0. 1. 1. 0. 0. 0.]
 [1. 0. 1. 0. 0. 0. 0. 0. 0.]]
[[0. 0. 0. 0. 0. 0. 1. 0. 1.]
 [0. 0. 0. 1. 0. 1. 0. 0. 0.]
 [0. 0. 0. 0. 1. 0. 1. 0. 0.]
 [0. 1. 0. 0. 0. 0. 0. 0. 1.]
 [0. 0. 1. 0. 0. 0. 0. 1. 0.]
 [0. 1. 0. 0. 0. 0. 0. 1. 0.]
 [1. 0. 1. 0. 0. 0. 0. 0. 0.]
 [0. 0. 0. 0. 1. 1. 0. 0. 0.]
 [1. 0. 0. 1. 0. 0. 0. 0. 0.]]
[[0. 0. 0. 0. 0. 0. 1. 0. 1.]
 [0. 0. 0. 1. 1. 0. 0. 0. 0.]
 [0. 0. 0. 0. 0. 1. 1. 0. 0.]
 [0. 1. 0. 0. 0. 0. 0. 0. 1.]
 [0. 1. 0. 0. 0. 0. 0. 1. 0.]
 [0. 0. 1. 0. 0. 0. 0. 1. 0.]
 [1. 0. 1. 0. 0. 0. 0. 0. 0.]
 [0. 0. 0. 0. 1. 1. 0. 0. 0.]
 [1. 0. 0. 1. 0. 0. 0. 0. 0.]]
[[0. 0. 0. 0. 0. 0. 1. 0. 1.]
 [0. 0. 0. 1. 0. 1. 0. 0. 0.]
 [0. 0. 0. 0. 1. 1. 0. 0. 0.]
 [0. 1. 0. 0. 0. 0. 0. 0. 1.]
 [0. 0. 1. 0. 0. 0. 0. 1. 0.]
 [0. 1. 1. 0. 0. 0. 0. 0. 0.]
 [1. 0. 0. 0. 0. 0. 0. 1. 0.]
 [0. 0. 0. 0. 1. 0. 1. 0. 0.]
 [1. 0. 0. 1. 0. 0. 0. 0. 0.]]
Second best score: 65.0
Energy difference: -1.0
Time: 0.2244 s
