Best score: 61.0
Number of distinct solutions: 4
[[0. 0. 0. 0. 0. 0. 1. 1. 0.]
 [0. 0. 0. 1. 0. 0. 1. 0. 0.]
 [0. 0. 0. 0. 0. 0. 0. 1. 1.]
 [0. 1. 0. 0. 0. 1. 0. 0. 0.]
 [0. 0. 0. 0. 0. 1. 0. 0. 1.]
 [0. 0. 0. 1. 1. 0. 0. 0. 0.]
 [1. 1. 0. 0. 0. 0. 0. 0. 0.]
 [1. 0. 1. 0. 0. 0. 0. 0. 0.]
 [0. 0. 1. 0. 1. 0. 0. 0. 0.]]
[[0. 0. 0. 0. 0. 0. 1. 1. 0.]
 [0. 0. 1. 1. 0. 0. 0. 0. 0.]
 [0. 1. 0. 0. 0. 0. 0. 1. 0.]
 [0. 1. 0. 0. 0. 1. 0. 0. 0.]
 [0. 0. 0. 0. 0. 1. 0. 0. 1.]
 [0. 0. 0. 1. 1. 0. 0. 0. 0.]
 [1. 0. 0. 0. 0. 0. 0. 0. 1.]
 [1. 0. 1. 0. 0. 0. 0. 0. 0.]
 [0. 0. 0. 0. 1. 0. 1. 0. 0.]]
[[0. 0. 0. 0. 0. 0. 1. 1. 0.]
 [0. 0. 1. 0. 0. 0. 1. 0. 0.]
 [0. 1. 0. 1. 0. 0. 0. 0. 0.]
 [0. 0. 1. 0. 0. 1. 0. 0. 0.]
 [0. 0. 0. 0. 0. 1. 0. 0. 1.]
 [0. 0. 0. 1. 1. 0. 0. 0. 0.]
 [1. 1. 0. 0. 0. 0. 0. 0. 0.]
 [1. 0. 0. 0. 0. 0. 0. 0. 1.]
 [0. 0. 0. 0. 1. 0. 0. 1. 0.]]
[[0. 0. 0. 0. 0. 0. 1. 1. 0.]
 [0. 0. 1. 0. 0. 0. 0. 1. 0.]
 [0. 1. 0. 1. 0. 0. 0. 0. 0.]
 [0. 0. 1. 0. 0. 1. 0. 0. 0.]
 [0. 0. 0. 0. 0. 1. 0. 0. 1.]
 [0. 0. 0. 1. 1. 0. 0. 0. 0.]
 [1. 0. 0. 0. 0. 0. 0. 0. 1.]
 [1. 1. 0. 0. 0. 0. 0. 0. 0.]
 [0. 0. 0. 0. 1. 0. 1. 0. 0.]]
Second best score: 62.0
Energy difference: -1.0
Time: 0.2214 s
