Problem Id: 42f0208a-db35-400b-941a-f030255240ee
Solution:
[[0. 1. 0. 0. 0. 0. 0. 0. 0. 1.]
 [1. 0. 1. 0. 0. 0. 0. 0. 0. 0.]
 [0. 1. 0. 0. 1. 0. 0. 0. 0. 0.]
 [0. 0. 0. 0. 0. 0. 1. 1. 0. 0.]
 [0. 0. 1. 0. 0. 0. 0. 0. 1. 0.]
 [0. 0. 0. 0. 0. 0. 1. 0. 1. 0.]
 [0. 0. 0. 1. 0. 1. 0. 0. 0. 0.]
 [0. 0. 0. 1. 0. 0. 0. 0. 0. 1.]
 [0. 0. 0. 0. 1. 1. 0. 0. 0. 0.]
 [1. 0. 0. 0. 0. 0. 0. 1. 0. 0.]]
Score: 97.0
{0: 1, 1: 0, 2: 0, 3: 0, 4: 0, 5: 0, 6: 0, 7: 0, 8: 1, 9: 1, 10: 0, 11: 0, 12: 0, 13: 0, 14: 0, 15: 0, 16: 0, 17: 0, 18: 1, 19: 0, 20: 0, 21: 0, 22: 0, 23: 0, 24: 0, 25: 0, 26: 1, 27: 1, 28: 0, 29: 0, 30: 0, 31: 0, 32: 0, 33: 1, 34: 0, 35: 1, 36: 0, 37: 1, 38: 0, 39: 0, 40: 0, 41: 0, 42: 0, 43: 1, 44: 0}
index: 0
energy: -303.0
num_occurrences: 1
chain break fraction: 0.0
chain strength: 60.0
lagrange multiplier: 10.0
Time: 2.1440 s
