0 6 17 11 1 19 16 18 11 15 8 1 18 12 11 2 16 3 14 14
5 0 14 8 3 20 8 17 15 1 7 12 5 4 20 10 4 8 4 13
7 17 0 12 2 17 7 3 4 10 12 18 4 4 5 18 16 7 10 6
18 13 5 0 7 5 16 7 20 3 1 4 7 12 3 5 5 6 20 18
12 16 10 3 0 8 10 17 2 14 20 1 8 9 18 9 10 10 19 13
12 10 20 17 14 0 17 5 10 13 5 5 11 12 2 13 12 14 10 3
1 17 9 19 17 13 0 7 14 8 13 15 13 5 12 11 5 2 15 2
17 19 5 7 12 14 9 0 6 4 5 5 7 4 13 11 18 10 6 3
20 5 14 16 16 1 9 17 0 14 15 20 5 15 5 11 19 19 16 14
13 14 2 18 15 14 19 8 15 0 15 11 2 17 10 3 17 19 1 9
12 18 11 6 11 16 14 11 14 16 0 9 5 10 15 8 5 19 11 2
16 18 8 19 6 4 16 9 19 2 5 0 17 2 11 14 2 11 10 13
10 4 20 7 4 12 7 8 9 3 5 2 0 7 7 13 5 2 9 6
11 12 2 13 15 2 11 7 5 6 14 16 20 0 15 13 7 19 5 4
17 11 2 15 2 3 18 19 19 19 20 7 4 10 0 15 18 4 20 6
12 16 17 14 13 7 16 18 19 8 20 13 14 6 14 0 3 10 14 1
9 6 11 20 1 18 9 17 18 11 3 14 6 5 18 10 0 14 3 11
18 8 6 14 16 4 13 9 8 12 2 11 3 5 8 14 13 0 5 4
8 5 6 12 6 3 7 8 15 9 2 3 4 11 16 17 11 1 0 11
1 8 17 15 11 11 17 17 7 11 3 16 11 6 18 3 15 1 11 0
