Best score: 63.0
Number of distinct solutions: 2
[[0. 0. 0. 0. 1. 0. 0. 1. 0. 0.]
 [0. 0. 0. 1. 0. 0. 1. 0. 0. 0.]
 [0. 0. 0. 0. 0. 0. 0. 1. 1. 0.]
 [0. 1. 0. 0. 0. 1. 0. 0. 0. 0.]
 [1. 0. 0. 0. 0. 1. 0. 0. 0. 0.]
 [0. 0. 0. 1. 1. 0. 0. 0. 0. 0.]
 [0. 1. 0. 0. 0. 0. 0. 0. 0. 1.]
 [1. 0. 1. 0. 0. 0. 0. 0. 0. 0.]
 [0. 0. 1. 0. 0. 0. 0. 0. 0. 1.]
 [0. 0. 0. 0. 0. 0. 1. 0. 1. 0.]]
[[0. 0. 1. 0. 1. 0. 0. 0. 0. 0.]
 [0. 0. 0. 0. 0. 0. 1. 0. 1. 0.]
 [1. 0. 0. 0. 0. 0. 0. 1. 0. 0.]
 [0. 0. 0. 0. 0. 1. 1. 0. 0. 0.]
 [1. 0. 0. 0. 0. 1. 0. 0. 0. 0.]
 [0. 0. 0. 1. 1. 0. 0. 0. 0. 0.]
 [0. 1. 0. 1. 0. 0. 0. 0. 0. 0.]
 [0. 0. 1. 0. 0. 0. 0. 0. 0. 1.]
 [0. 1. 0. 0. 0. 0. 0. 0. 0. 1.]
 [0. 0. 0. 0. 0. 0. 0. 1. 1. 0.]]
Second best score: 64.0
Energy difference: -1.0
Time: 1.7492 s
