Best score: 67.0
Number of distinct solutions: 8
[[0. 0. 0. 0. 0. 1. 0. 0. 1. 0.]
 [0. 0. 0. 0. 0. 1. 0. 0. 0. 1.]
 [0. 0. 0. 0. 0. 0. 1. 0. 1. 0.]
 [0. 0. 0. 0. 0. 0. 1. 1. 0. 0.]
 [0. 0. 0. 0. 0. 0. 0. 1. 0. 1.]
 [1. 1. 0. 0. 0. 0. 0. 0. 0. 0.]
 [0. 0. 1. 1. 0. 0. 0. 0. 0. 0.]
 [0. 0. 0. 1. 1. 0. 0. 0. 0. 0.]
 [1. 0. 1. 0. 0. 0. 0. 0. 0. 0.]
 [0. 1. 0. 0. 1. 0. 0. 0. 0. 0.]]
[[0. 0. 0. 0. 0. 1. 0. 0. 1. 0.]
 [0. 0. 0. 0. 0. 1. 0. 0. 0. 1.]
 [0. 0. 0. 0. 0. 0. 1. 0. 1. 0.]
 [0. 0. 0. 0. 0. 0. 0. 1. 0. 1.]
 [0. 0. 0. 0. 0. 0. 1. 1. 0. 0.]
 [1. 1. 0. 0. 0. 0. 0. 0. 0. 0.]
 [0. 0. 1. 0. 1. 0. 0. 0. 0. 0.]
 [0. 0. 0. 1. 1. 0. 0. 0. 0. 0.]
 [1. 0. 1. 0. 0. 0. 0. 0. 0. 0.]
 [0. 1. 0. 1. 0. 0. 0. 0. 0. 0.]]
[[0. 0. 0. 0. 0. 1. 0. 0. 1. 0.]
 [0. 0. 0. 0. 0. 1. 0. 0. 0. 1.]
 [0. 0. 0. 0. 0. 0. 0. 1. 1. 0.]
 [0. 0. 0. 0. 0. 0. 1. 1. 0. 0.]
 [0. 0. 0. 0. 0. 0. 1. 0. 0. 1.]
 [1. 1. 0. 0. 0. 0. 0. 0. 0. 0.]
 [0. 0. 0. 1. 1. 0. 0. 0. 0. 0.]
 [0. 0. 1. 1. 0. 0. 0. 0. 0. 0.]
 [1. 0. 1. 0. 0. 0. 0. 0. 0. 0.]
 [0. 1. 0. 0. 1. 0. 0. 0. 0. 0.]]
[[0. 0. 0. 0. 1. 1. 0. 0. 0. 0.]
 [0. 0. 0. 0. 0. 0. 0. 0. 1. 1.]
 [0. 0. 0. 0. 0. 0. 1. 0. 1. 0.]
 [0. 0. 0. 0. 0. 0. 1. 1. 0. 0.]
 [1. 0. 0. 0. 0. 0. 0. 1. 0. 0.]
 [1. 0. 0. 0. 0. 0. 0. 0. 0. 1.]
 [0. 0. 1. 1. 0. 0. 0. 0. 0. 0.]
 [0. 0. 0. 1. 1. 0. 0. 0. 0. 0.]
 [0. 1. 1. 0. 0. 0. 0. 0. 0. 0.]
 [0. 1. 0. 0. 0. 1. 0. 0. 0. 0.]]
[[0. 0. 0. 0. 1. 1. 0. 0. 0. 0.]
 [0. 0. 0. 0. 0. 0. 0. 0. 1. 1.]
 [0. 0. 0. 0. 0. 0. 1. 0. 1. 0.]
 [0. 0. 0. 0. 0. 0. 1. 1. 0. 0.]
 [1. 0. 0. 0. 0. 0. 0. 0. 0. 1.]
 [1. 0. 0. 0. 0. 0. 0. 1. 0. 0.]
 [0. 0. 1. 1. 0. 0. 0. 0. 0. 0.]
 [0. 0. 0. 1. 0. 1. 0. 0. 0. 0.]
 [0. 1. 1. 0. 0. 0. 0. 0. 0. 0.]
 [0. 1. 0. 0. 1. 0. 0. 0. 0. 0.]]
[[0. 0. 0. 0. 1. 1. 0. 0. 0. 0.]
 [0. 0. 0. 0. 0. 0. 0. 0. 1. 1.]
 [0. 0. 0. 0. 0. 0. 1. 0. 1. 0.]
 [0. 0. 0. 0. 0. 0. 0. 1. 0. 1.]
 [1. 0. 0. 0. 0. 0. 1. 0. 0. 0.]
 [1. 0. 0. 0. 0. 0. 0. 1. 0. 0.]
 [0. 0. 1. 0. 1. 0. 0. 0. 0. 0.]
 [0. 0. 0. 1. 0. 1. 0. 0. 0. 0.]
 [0. 1. 1. 0. 0. 0. 0. 0. 0. 0.]
 [0. 1. 0. 1. 0. 0. 0. 0. 0. 0.]]
[[0. 0. 0. 0. 1. 1. 0. 0. 0. 0.]
 [0. 0. 0. 0. 0. 0. 0. 0. 1. 1.]
 [0. 0. 0. 0. 0. 0. 0. 1. 1. 0.]
 [0. 0. 0. 0. 0. 0. 1. 1. 0. 0.]
 [1. 0. 0. 0. 0. 0. 1. 0. 0. 0.]
 [1. 0. 0. 0. 0. 0. 0. 0. 0. 1.]
 [0. 0. 0. 1. 1. 0. 0. 0. 0. 0.]
 [0. 0. 1. 1. 0. 0. 0. 0. 0. 0.]
 [0. 1. 1. 0. 0. 0. 0. 0. 0. 0.]
 [0. 1. 0. 0. 0. 1. 0. 0. 0. 0.]]
[[0. 0. 0. 0. 1. 1. 0. 0. 0. 0.]
 [0. 0. 0. 0. 0. 0. 0. 0. 1. 1.]
 [0. 0. 0. 0. 0. 0. 1. 1. 0. 0.]
 [0. 0. 0. 0. 0. 0. 0. 1. 0. 1.]
 [1. 0. 0. 0. 0. 0. 1. 0. 0. 0.]
 [1. 0. 0. 0. 0. 0. 0. 0. 1. 0.]
 [0. 0. 1. 0. 1. 0. 0. 0. 0. 0.]
 [0. 0. 1. 1. 0. 0. 0. 0. 0. 0.]
 [0. 1. 0. 0. 0. 1. 0. 0. 0. 0.]
 [0. 1. 0. 1. 0. 0. 0. 0. 0. 0.]]
Second best score: 68.0
Energy difference: -1.0
Time: 1.7517 s
